1324
0.294773 0.714360 0.320205 0.813773 2.171237 
1.182173 0.396549 0.809494 0.492220 2.892145 
-0.427378 -0.100205 0.305451 0.561094 2.888942 
-0.427378 -0.100205 0.000000 0.086174 0.250000 
-0.427378 -0.100205 0.000000 0.086174 0.250000 
-0.427378 -0.100205 0.000000 0.086174 0.250000 
-0.427378 -0.100205 0.000000 0.086174 0.250000 
-0.427378 -0.100205 0.000000 0.086174 0.250000 
-0.427378 -0.100205 0.000000 0.086174 0.250000 
-0.427378 -0.100205 0.000000 0.086174 0.250000 
0.427378 0.100205 -0.000000 -0.086174 -0.250000 
0.427378 0.100205 -0.000000 -0.086174 -0.250000 
0.427378 0.100205 -0.000000 -0.086174 -0.250000 
0.427378 0.100205 -0.000000 -0.086174 -0.250000 
0.427378 0.100205 -0.000000 -0.086174 -0.250000 
0.427378 0.100205 -0.000000 -0.086174 -0.250000 
0.599908 0.100205 -0.000000 -0.086174 -0.250000 
0.638004 0.100205 -0.000000 -0.086174 -0.250000 
0.427378 0.100205 -0.000000 -0.086174 -0.250000 
0.427378 0.100205 -0.000000 -0.086174 -0.250000 
-0.427378 0.152918 0.406753 0.500083 2.124690 
1.549746 0.330159 1.538602 1.611150 2.990532 
2.017499 3.151067 1.864529 2.293032 1.680646 
0.236941 0.168786 0.173123 1.831958 0.526216 
-0.427378 -0.100205 0.000000 0.086174 0.250000 
-0.427378 -0.100205 0.000000 0.086174 0.250000 
-0.427378 -0.100205 0.000000 0.086174 0.250000 
-0.427378 -0.100205 0.000000 0.086174 0.250000 
-0.427378 -0.100205 0.000000 0.086174 0.250000 
-0.427378 -0.100205 0.000000 0.086174 0.250000 
0.427378 0.100205 -0.000000 -0.086174 -0.250000 
0.427378 0.100205 -0.000000 -0.086174 -0.250000 
0.427378 0.100205 -0.000000 -0.086174 -0.250000 
0.427378 0.100205 -0.000000 -0.086174 -0.250000 
0.427378 0.100205 -0.000000 -0.086174 -0.250000 
0.427378 0.100205 -0.000000 -0.086174 -0.250000 
1.237862 0.100205 -0.000000 -0.086174 -0.250000 
2.076595 0.100205 -0.000000 -0.086174 -0.250000 
1.348576 0.100205 -0.000000 -0.086174 -0.250000 
0.427378 0.100205 -0.000000 -0.086174 -0.250000 
0.626045 0.100205 -0.000000 0.040649 -0.250000 
0.088382 -0.206186 1.174894 -0.086174 -0.250000 
2.286363 0.381688 -0.382307 0.243397 0.014167 
1.818310 0.646499 0.379853 0.440691 0.377444 
0.463824 0.100205 0.108232 -0.086174 -0.250000 
0.427378 0.100205 -0.000000 -0.086174 -0.250000 
0.427378 0.100205 -0.000000 -0.086174 -0.250000 
0.427378 0.100205 -0.000000 -0.086174 -0.250000 
0.427378 0.100205 -0.000000 -0.086174 -0.250000 
0.427378 0.100205 -0.000000 -0.086174 -0.250000 
0.427378 0.100205 -0.000000 -0.086174 -0.250000 
0.427378 0.100205 -0.000000 -0.086174 -0.250000 
0.427378 0.100205 -0.000000 -0.086174 -0.250000 
0.427378 0.100205 -0.000000 -0.086174 -0.250000 
0.427378 0.100205 -0.000000 -0.086174 -0.250000 
0.538618 0.100205 -0.000000 -0.086174 -0.250000 
0.427378 0.100205 -0.000000 -0.086174 -0.250000 
0.919602 0.358969 0.249053 -0.086174 -0.004174 
0.908397 0.265168 -0.000000 -0.086174 -0.250000 
0.427378 0.100205 -0.000000 -0.086174 -0.250000 
0.427378 0.100205 -0.000000 -0.086174 -0.250000 
0.484948 0.100205 -0.000000 0.291689 -0.250000 
0.838403 0.100205 0.158371 -0.086174 -0.250000 
0.427378 0.100205 -0.000000 -0.086174 -0.250000 
0.072890 0.100205 -0.000000 -0.086174 -0.250000 
0.427378 0.100205 -0.000000 -0.086174 -0.250000 
0.427378 0.100205 -0.000000 -0.086174 -0.250000 
0.427378 0.100205 -0.000000 -0.086174 -0.250000 
0.427378 0.100205 -0.000000 -0.086174 -0.250000 
0.427378 0.100205 -0.000000 -0.086174 -0.250000 
0.427378 0.100205 -0.000000 -0.086174 -0.250000 
0.427378 0.100205 -0.000000 -0.086174 -0.250000 
0.427378 0.100205 -0.000000 -0.086174 -0.250000 
0.427378 0.100205 -0.000000 -0.086174 -0.250000 
0.427378 0.100205 -0.000000 -0.086174 -0.250000 
0.427378 0.100205 -0.000000 -0.086174 -0.250000 
0.427378 0.100205 -0.000000 -0.086174 -0.250000 
0.427378 0.100205 -0.000000 -0.086174 -0.250000 
0.416627 0.100205 -0.000000 -0.086174 -0.250000 
0.427378 0.100205 -0.000000 -0.086174 -0.250000 
