0
-0.427378 -0.100205 -3.949178 -3.902167 -2.048876 
-0.427378 -0.100205 -4.957148 -6.560743 -6.749050 
-0.427378 -0.100205 -4.469140 -4.371668 -2.409366 
-0.427378 -0.100205 0.000000 -2.107496 -1.775891 
-0.427378 -0.100205 0.000000 0.086174 0.250000 
-0.427378 -0.100205 0.000000 0.086174 0.250000 
-0.427378 -0.100205 0.000000 0.086174 0.250000 
-0.427378 -0.100205 0.000000 0.086174 0.250000 
-0.427378 -0.100205 0.000000 0.086174 0.250000 
-0.427378 -0.100205 0.000000 0.086174 0.250000 
0.427378 0.100205 -0.000000 -0.086174 -0.250000 
-9.439092 -6.657792 -8.798088 -9.351448 -9.254981 
-8.724508 -8.792947 -5.482738 -8.802691 -8.527305 
-1.717341 0.100205 -0.000000 -1.776778 -0.250000 
0.427378 0.100205 -0.000000 -0.086174 -0.250000 
-8.010483 -8.597333 -4.182619 -8.387161 -8.480313 
-10.700893 -11.074902 -7.529344 -10.992203 -11.027790 
-10.206922 -12.885697 -12.147327 -14.037136 -13.546989 
-11.877149 -12.181136 -11.683174 -11.946685 -11.759284 
0.427378 0.100205 -0.000000 -0.086174 -0.250000 
-0.427378 -0.100205 -5.474344 -5.909367 -2.373155 
-0.427378 -0.100205 -4.854620 -5.807112 -7.685848 
-0.427378 -0.100205 -10.005872 -6.301953 -9.306542 
-0.427378 -0.100205 0.000000 0.086174 0.250000 
-0.427378 -0.100205 0.000000 0.086174 0.250000 
-0.427378 -0.100205 0.000000 0.086174 0.250000 
-0.427378 -0.100205 0.000000 0.086174 0.250000 
-0.427378 -0.100205 0.000000 0.086174 0.250000 
-0.427378 -0.100205 0.000000 0.086174 0.250000 
-0.427378 -0.100205 0.000000 0.086174 0.250000 
0.427378 0.100205 -0.000000 -0.086174 -0.250000 
-7.816377 -7.390926 -8.026033 -7.765562 -8.044965 
-7.389005 -7.261560 -6.890027 -5.816701 -7.246213 
0.427378 0.100205 -0.000000 -0.086174 -0.250000 
0.427378 0.100205 -0.000000 -0.086174 -0.250000 
-5.262164 -12.672640 -10.525022 -9.995768 -9.743535 
-4.979179 -10.262136 -14.826907 -14.239116 -13.002774 
-15.618330 -10.910054 -15.909588 -15.833462 -15.593740 
-14.301138 -14.711898 -14.357441 -14.470736 -14.519027 
0.427378 0.100205 -0.000000 -0.086174 -0.250000 
-4.224887 -5.171808 -4.530287 -4.494184 -4.998906 
-7.425580 -7.659062 -7.716046 -7.530746 -5.411667 
-7.002957 -8.340341 -7.225285 -5.211333 -6.723795 
-2.682594 -3.592434 -2.574240 -3.768335 -2.272408 
0.427378 0.100205 -0.000000 -0.086174 -0.250000 
0.427378 0.100205 -0.000000 -0.086174 -0.250000 
0.427378 0.100205 -0.000000 -0.086174 -0.250000 
0.427378 0.100205 -0.000000 -0.086174 -0.250000 
0.427378 0.100205 -0.000000 -0.086174 -0.250000 
0.427378 0.100205 -0.000000 -0.086174 -0.250000 
0.427378 0.100205 -0.000000 -0.086174 -0.250000 
-1.769270 -1.679504 -0.887163 -1.837705 -0.250000 
-5.089119 -3.999622 -4.720069 -5.442543 -4.787370 
-1.656416 0.100205 -0.000000 -0.086174 -0.250000 
0.427378 0.100205 -0.000000 -0.086174 -0.250000 
-4.606202 -7.842378 -8.040829 -7.833584 -8.094363 
-10.396421 -12.630945 -12.575490 -12.711378 -12.670552 
-13.641353 -13.238963 -13.492429 -13.400836 -12.349435 
-12.698098 -12.331177 -12.712732 -12.777326 -12.514486 
0.427378 0.100205 -0.000000 -0.086174 -0.250000 
-2.254714 -1.722450 -1.383435 -1.832369 -1.546590 
-3.479316 -4.053914 -3.787339 -3.408106 -4.634837 
-2.366460 -2.779657 -2.283921 -2.662651 -3.068178 
0.427378 0.100205 -0.000000 -0.086174 -0.250000 
0.427378 0.100205 -0.000000 -0.086174 -0.250000 
0.427378 0.100205 -0.000000 -0.086174 -0.250000 
0.427378 0.100205 -0.000000 -0.086174 -0.250000 
0.427378 0.100205 -0.000000 -0.086174 -0.250000 
0.427378 0.100205 -0.000000 -0.086174 -0.250000 
0.427378 0.100205 -0.000000 -0.086174 -0.250000 
0.427378 0.100205 -0.000000 -0.086174 -0.250000 
0.427378 0.100205 -0.000000 -0.086174 -0.250000 
-1.636776 -1.651948 -2.837851 -2.746783 -2.002364 
0.427378 0.100205 -0.000000 -0.086174 -0.250000 
0.427378 0.100205 -0.000000 -0.086174 -0.250000 
-2.344596 -2.504101 -1.889721 -2.099313 -2.047964 
-5.745505 -5.716387 -3.340545 -5.484571 -5.075303 
-3.971588 -3.769674 -5.151315 -4.017802 -3.460288 
-1.491639 -0.780636 -0.704930 -0.775388 -0.943968 
0.427378 0.100205 -0.000000 -0.086174 -0.250000 
