5721
-0.920485 -1.100966 -0.664284 -0.280209 -0.895471 
-0.761119 -0.372526 -0.802027 -0.804525 -1.044985 
-0.427378 -0.100205 0.000000 -0.021145 0.016536 
-0.427378 -0.100205 0.000000 0.086174 0.250000 
-0.427378 -0.100205 0.000000 0.086174 0.250000 
-0.427378 -0.100205 0.000000 0.086174 0.250000 
-0.427378 -0.100205 0.000000 0.086174 0.250000 
-0.427378 -0.100205 0.000000 0.086174 0.250000 
-0.427378 -0.100205 0.000000 0.086174 0.250000 
-0.427378 -0.100205 0.000000 0.086174 0.250000 
0.427378 0.100205 -0.000000 -0.086174 -0.250000 
0.427378 0.100205 -0.000000 -0.086174 -0.250000 
0.427378 0.100205 -0.000000 -0.086174 -0.250000 
0.427378 0.100205 -0.000000 -0.086174 -0.250000 
0.427378 0.100205 -0.000000 -0.086174 -0.250000 
-0.061397 -0.017966 -0.017754 -0.086174 -0.153052 
0.193027 0.100205 0.043685 -0.086174 -0.250000 
0.293357 0.100205 -0.000000 -0.086174 -0.250000 
0.427378 0.100205 -0.000000 -0.086174 -0.250000 
0.427378 0.100205 -0.000000 -0.086174 -0.250000 
-0.795429 -1.007012 -0.685761 -0.794784 -0.535053 
-1.621683 -1.797851 -1.567172 -1.381309 -1.474771 
-1.817128 -1.960896 -2.076250 -1.886221 -1.929986 
-0.603403 -0.893896 -0.534474 -0.607323 -0.602688 
-0.591009 -0.684532 -1.116372 -0.597362 -0.937690 
-0.427378 -0.100205 0.000000 0.086174 0.250000 
-0.427378 -0.100205 0.000000 0.086174 0.250000 
-0.427378 -0.100205 0.000000 0.086174 0.250000 
-0.427378 -0.100205 0.000000 0.086174 0.250000 
-0.427378 -0.100205 0.000000 0.086174 0.250000 
0.427378 0.100205 -0.000000 -0.086174 -0.250000 
0.427378 0.100205 -0.000000 -0.086174 -0.250000 
0.427378 0.100205 -0.000000 -0.086174 -0.250000 
0.427378 0.100205 -0.000000 -0.086174 -0.250000 
0.427378 0.100205 -0.000000 -0.086174 -0.250000 
-0.309469 -0.453808 -0.441648 -0.460102 -0.425297 
-0.605217 -0.454934 -0.511236 -0.443559 -0.424216 
-0.562111 -0.589845 -0.522137 -0.578768 -0.593252 
-0.008655 0.040627 -0.000000 -0.086174 -0.250000 
0.381242 0.100205 -0.000000 -0.086174 -0.250000 
-0.960600 -1.086584 -1.114685 -1.578876 -1.075316 
-1.464237 -1.591322 -1.812731 -1.415012 -1.412450 
-2.633622 -1.839787 -2.609535 -2.633172 -2.697650 
-1.980797 -2.050422 -1.963508 -2.339411 -1.444091 
-1.084206 -1.477340 -0.994071 -1.454048 -0.947097 
0.427378 0.100205 -0.000000 -0.086174 -0.250000 
0.427378 0.100205 -0.000000 -0.086174 -0.250000 
0.427378 0.100205 -0.000000 -0.086174 -0.250000 
0.427378 0.100205 -0.000000 -0.086174 -0.250000 
0.427378 0.100205 -0.000000 -0.086174 -0.250000 
0.427378 0.100205 -0.000000 -0.086174 -0.250000 
0.427378 0.100205 -0.000000 -0.086174 -0.250000 
0.427378 0.100205 -0.000000 -0.086174 -0.250000 
0.427378 0.100205 -0.000000 -0.086174 -0.250000 
0.427378 0.100205 -0.000000 -0.086174 -0.250000 
-0.150771 -0.256765 -0.206812 -0.226169 -0.250000 
-0.581766 -0.541873 -0.623210 -0.554846 -0.566263 
-0.704309 -0.906541 -0.714491 -0.930338 -0.855165 
-0.688295 -0.431037 -0.393545 -0.355498 -0.576296 
-0.393177 -0.550618 -0.129104 -0.086174 -0.250000 
0.427378 0.100205 -0.000000 -0.086174 -0.250000 
0.427378 0.100205 -0.000000 -0.086174 -0.250000 
-0.272261 0.100205 -0.022712 -0.086174 -0.250000 
0.427378 0.100205 -0.000000 -0.086174 -0.250000 
0.427378 0.100205 -0.000000 -0.086174 -0.250000 
0.427378 0.100205 -0.000000 -0.086174 -0.250000 
0.427378 0.100205 -0.000000 -0.086174 -0.250000 
0.427378 0.100205 -0.000000 -0.086174 -0.250000 
0.427378 0.100205 -0.000000 -0.086174 -0.250000 
0.427378 0.100205 -0.000000 -0.086174 -0.250000 
0.427378 0.100205 -0.000000 -0.086174 -0.250000 
0.427378 0.100205 -0.000000 -0.086174 -0.250000 
0.427378 0.100205 -0.000000 -0.086174 -0.250000 
0.427378 0.100205 -0.000000 -0.086174 -0.250000 
0.427378 0.100205 -0.000000 -0.086174 -0.250000 
0.427378 0.100205 -0.000000 -0.086174 -0.250000 
0.427378 0.100205 -0.000000 -0.086174 -0.250000 
0.427378 0.100205 -0.000000 -0.086174 -0.250000 
0.414209 0.100205 -0.000000 -0.086174 -0.250000 
0.427378 0.100205 -0.000000 -0.086174 -0.250000 
