2960
1.040921 0.987630 1.106195 0.787936 1.177852 
0.588236 0.836146 1.089930 1.389101 0.970613 
0.716161 0.157436 1.420637 0.706030 0.264738 
-0.236177 -0.337936 -0.256414 -0.172229 0.338924 
-0.427378 -0.818141 0.606935 -0.225902 -0.413753 
-0.427378 -0.100205 0.000000 0.086174 0.250000 
-0.427378 -0.100205 0.000000 0.086174 0.250000 
-0.427378 -0.100205 0.000000 0.086174 0.250000 
-0.427378 -0.100205 0.000000 0.086174 0.250000 
-0.427378 -0.100205 0.000000 0.086174 0.250000 
0.427378 0.100205 -0.000000 -0.086174 -0.250000 
0.427378 0.100205 -0.000000 -0.086174 -0.250000 
0.427378 0.100205 -0.000000 -0.086174 -0.250000 
0.427378 0.100205 -0.000000 -0.086174 -0.250000 
0.427378 0.100205 -0.000000 -0.086174 -0.250000 
-0.011155 0.820887 -0.000000 -0.031304 -0.250000 
0.353168 1.543928 0.196601 0.011406 -0.063918 
0.378985 0.179450 0.576241 1.352721 0.283328 
0.867034 0.314660 0.237432 0.091703 -0.250000 
0.542760 -0.295089 0.103283 -0.006499 -0.250000 
-0.427378 -0.100205 0.000000 0.086174 0.250000 
-0.177710 -0.100205 0.000000 0.086174 0.352392 
-0.427378 -0.100205 0.147937 -0.224432 -0.052919 
-0.427378 0.103834 -0.305825 -0.485666 -0.487267 
-0.485582 -0.484708 -0.420465 -0.426117 0.693925 
-0.427378 -0.100205 0.000000 0.086174 0.250000 
-0.427378 -0.100205 0.000000 0.086174 0.250000 
-0.427378 -0.100205 0.000000 0.086174 0.250000 
-0.427378 -0.100205 0.000000 0.086174 0.250000 
-0.427378 -0.100205 0.000000 0.086174 0.250000 
0.427378 0.100205 -0.000000 -0.086174 -0.250000 
0.427378 0.100205 -0.000000 -0.086174 -0.250000 
0.427378 0.100205 -0.000000 -0.086174 -0.250000 
0.427378 0.100205 -0.000000 -0.086174 -0.250000 
0.427378 0.100205 -0.000000 -0.086174 -0.250000 
0.427378 0.100205 -0.000000 -0.086174 -0.250000 
0.460968 0.100205 -0.000000 -0.086174 -0.250000 
0.463478 0.100205 0.093915 -0.086174 -0.250000 
0.497934 0.100205 -0.000000 -0.086174 -0.250000 
0.519625 0.160628 -0.000000 -0.086174 -0.250000 
0.427378 0.100205 -0.000000 -0.086174 -0.250000 
0.427378 0.100205 -0.000000 -0.086174 -0.250000 
0.709860 0.100205 -0.000000 -0.086174 -0.250000 
0.427378 0.100205 -0.000000 -0.086174 -0.250000 
0.427378 0.100205 -0.000000 -0.086174 -0.250000 
0.427378 0.100205 -0.000000 -0.086174 -0.250000 
0.427378 0.100205 -0.000000 -0.086174 -0.250000 
0.427378 0.100205 -0.000000 -0.086174 -0.250000 
0.427378 0.100205 -0.000000 -0.086174 -0.250000 
0.427378 0.100205 -0.000000 -0.086174 -0.250000 
0.427378 0.100205 -0.000000 -0.086174 -0.250000 
0.427378 0.100205 -0.000000 -0.086174 -0.250000 
0.427378 0.100205 -0.000000 -0.086174 -0.250000 
0.427378 0.100205 -0.000000 -0.086174 -0.250000 
0.427378 0.100205 -0.000000 -0.086174 -0.250000 
0.427378 0.100205 -0.000000 -0.086174 -0.250000 
0.427378 0.100205 -0.000000 -0.086174 -0.250000 
0.427378 0.100205 -0.000000 -0.086174 -0.250000 
0.427378 0.100205 -0.000000 -0.086174 -0.250000 
0.427378 0.100205 -0.000000 -0.086174 -0.250000 
0.427378 0.100205 -0.000000 -0.086174 -0.250000 
0.427378 0.100205 -0.000000 -0.086174 -0.250000 
0.427378 0.100205 -0.000000 -0.086174 -0.250000 
0.427378 0.100205 -0.000000 -0.086174 -0.250000 
0.427378 0.100205 -0.000000 -0.086174 -0.250000 
0.427378 0.100205 -0.000000 -0.086174 -0.250000 
0.427378 0.100205 -0.000000 -0.086174 -0.250000 
0.427378 0.100205 -0.000000 -0.086174 -0.250000 
0.427378 0.100205 -0.000000 -0.086174 -0.250000 
0.427378 0.100205 -0.000000 -0.086174 -0.250000 
0.427378 0.100205 -0.000000 -0.086174 -0.250000 
0.427378 0.100205 -0.000000 -0.086174 -0.250000 
0.427378 0.100205 -0.000000 -0.086174 -0.250000 
0.427378 0.100205 -0.000000 -0.086174 -0.250000 
0.427378 0.100205 -0.000000 -0.086174 -0.250000 
0.427378 0.100205 -0.000000 -0.086174 -0.250000 
0.427378 0.100205 -0.000000 -0.086174 -0.250000 
0.427378 0.100205 -0.000000 -0.086174 -0.250000 
0.427378 0.100205 -0.000000 -0.086174 -0.250000 
0.427378 0.100205 -0.000000 -0.086174 -0.250000 
